3,2
3,1
3,3
10,269
10,293
10,259
10,7
10,123
10,279
10,93
10,183
10,2
10,3
9,7
8,6
8,16
8,15
8,9
8,4
8,2
47,4
47,3
47,2
47,1
47,0
46,3
46,2
46,1
46,0
45,3
45,2
45,1
45,0
44,5
44,4
44,3
44,2
44,1
44,0
43,4
43,3
43,2
43,1
43,0
41,5
41,4
41,3
41,2
41,1
41,0
38,5
38,4
38,1
24,3
24,1
20,3
20,2
20,1
19,3
19,2
19,1
12,3
12,2
12,1
11,29
11,28
11,27
11,26
11,25
11,24
11,23
11,22
11,21
11,20
11,19
11,18
11,17
11,16
11,15
11,14
11,13
11,12
11,11
11,10
11,9
11,8
11,7
11,6
11,5
11,4
11,3
11,2
11,1
10,313
10,310
10,309
10,307
10,300
10,299
10,295
10,294
10,291
10,289
10,287
10,273
10,270
10,255
10,231
10,217
